2 = 1,2
1 = 1
10 = 1,2,5,10
20 = 1,2,4,5,10,20
50000 = 1,2,4,5,8,10,16,20,25,40,50,80,100,125,200,250,400,500,625,1000,1250,2000,2500,3125,5000,6250,10000,12500,25000,50000
10 = 1,2,5,10
20 = 1,2,4,5,10,20
50000 = 1,2,4,5,8,10,16,20,25,40,50,80,100,125,200,250,400,500,625,1000,1250,2000,2500,3125,5000,6250,10000,12500,25000,50000
10 = 1,2,5,10
20 = 1,2,4,5,10,20
40000 = 1,2,4,5,8,10,16,20,25,32,40,50,64,80,100,125,160,200,250,320,400,500,625,800,1000,1250,1600,2000,2500,4000,5000,8000,10000,20000,40000
10 = 1,2,5,10
20 = 1,2,4,5,10,20
40000 = 1,2,4,5,8,10,16,20,25,32,40,50,64,80,100,125,160,200,250,320,400,500,625,800,1000,1250,1600,2000,2500,4000,5000,8000,10000,20000,40000
10 = 1,2,5,10
20 = 1,2,4,5,10,20
400 = 1,2,4,5,8,10,16,20,25,40,50,80,100,200,400
10 = 1,2,5,10
20 = 1,2,4,5,10,20
400 = 1,2,4,5,8,10,16,20,25,40,50,80,100,200,400
10 = 1,2,5,10
20 = 1,2,4,5,10,20
5000 = 1,2,4,5,8,10,20,25,40,50,100,125,200,250,500,625,1000,1250,2500,5000
10 = 1,2,5,10
20 = 1,2,4,5,10,20
5000 = 1,2,4,5,8,10,20,25,40,50,100,125,200,250,500,625,1000,1250,2500,5000
10 = 1,2,5,10
20 = 1,2,4,5,10,20
400 = 1,2,4,5,8,10,16,20,25,40,50,80,100,200,400
10 = 1,2,5,10
20 = 1,2,4,5,10,20
400 = 1,2,4,5,8,10,16,20,25,40,50,80,100,200,400
10 = 1,2,5,10
20 = 1,2,4,5,10,20
500 = 1,2,4,5,10,20,25,50,100,125,250,500
10 = 1,2,5,10
20 = 1,2,4,5,10,20
500 = 1,2,4,5,10,20,25,50,100,125,250,500
10 = 1,2,5,10
20 = 1,2,4,5,10,20
500 = 1,2,4,5,10,20,25,50,100,125,250,500
10 = 1,2,5,10
20 = 1,2,4,5,10,20
500 = 1,2,4,5,10,20,25,50,100,125,250,500
10 = 1,2,5,10
20 = 1,2,4,5,10,20
500 = 1,2,4,5,10,20,25,50,100,125,250,500
10 = 1,2,5,10
20 = 1,2,4,5,10,20
500 = 1,2,4,5,10,20,25,50,100,125,250,500
10 = 1,2,5,10
20 = 1,2,4,5,10,20
30 = 1,2,3,5,6,10,15,30
10 = 1,2,5,10
20 = 1,2,4,5,10,20
30 = 1,2,3,5,6,10,15,30
10 = 1,2,5,10
20 = 1,2,4,5,10,20
50 = 1,2,5,10,25,50
10 = 1,2,5,10
20 = 1,2,4,5,10,20
50 = 1,2,5,10,25,50
10 = 1,2,5,10
20 = 1,2,4,5,10,20
40 = 1,2,4,5,8,10,20,40
10 = 1,2,5,10
20 = 1,2,4,5,10,20
40 = 1,2,4,5,8,10,20,40
10 = 1,2,5,10
20 = 1,2,4,5,10,20
600 = 1,2,3,4,5,6,8,10,12,15,20,24,25,30,40,50,60,75,100,120,150,200,300,600
10 = 1,2,5,10
20 = 1,2,4,5,10,20
600 = 1,2,3,4,5,6,8,10,12,15,20,24,25,30,40,50,60,75,100,120,150,200,300,600
10 = 1,2,5,10
20 = 1,2,4,5,10,20
400 = 1,2,4,5,8,10,16,20,25,40,50,80,100,200,400
10 = 1,2,5,10
20 = 1,2,4,5,10,20
400 = 1,2,4,5,8,10,16,20,25,40,50,80,100,200,400
10 = 1,2,5,10
20 = 1,2,4,5,10,20
50 = 1,2,5,10,25,50
10 = 1,2,5,10
20 = 1,2,4,5,10,20
50 = 1,2,5,10,25,50
10 = 1,2,5,10
20 = 1,2,4,5,10,20
60 = 1,2,3,4,5,6,10,12,15,20,30,60
10 = 1,2,5,10
20 = 1,2,4,5,10,20
60 = 1,2,3,4,5,6,10,12,15,20,30,60
1 = 1
6 = 1,2,3,6
10 = 1,2,5,10
1 = 1
6 = 1,2,3,6
10 = 1,2,5,10
10 = 1,2,5,10
20 = 1,2,4,5,10,20
90 = 1,2,3,5,6,9,10,15,18,30,45,90
10 = 1,2,5,10
20 = 1,2,4,5,10,20
90 = 1,2,3,5,6,9,10,15,18,30,45,90
10 = 1,2,5,10
20 = 1,2,4,5,10,20
40 = 1,2,4,5,8,10,20,40
10 = 1,2,5,10
20 = 1,2,4,5,10,20
40 = 1,2,4,5,8,10,20,40
10 = 1,2,5,10
20 = 1,2,4,5,10,20
100 = 1,2,4,5,10,20,25,50,100
10 = 1,2,5,10
20 = 1,2,4,5,10,20
100 = 1,2,4,5,10,20,25,50,100
10 = 1,2,5,10
20 = 1,2,4,5,10,20
90 = 1,2,3,5,6,9,10,15,18,30,45,90
10 = 1,2,5,10
20 = 1,2,4,5,10,20
90 = 1,2,3,5,6,9,10,15,18,30,45,90
10 = 1,2,5,10
20 = 1,2,4,5,10,20
90 = 1,2,3,5,6,9,10,15,18,30,45,90
10 = 1,2,5,10
20 = 1,2,4,5,10,20
90 = 1,2,3,5,6,9,10,15,18,30,45,90
10 = 1,2,5,10
20 = 1,2,4,5,10,20
90 = 1,2,3,5,6,9,10,15,18,30,45,90
10 = 1,2,5,10
20 = 1,2,4,5,10,20
90 = 1,2,3,5,6,9,10,15,18,30,45,90
10 = 1,2,5,10
20 = 1,2,4,5,10,20
900 = 1,2,3,4,5,6,9,10,12,15,18,20,25,30,36,45,50,60,75,90,100,150,180,225,300,450,900
10 = 1,2,5,10
20 = 1,2,4,5,10,20
900 = 1,2,3,4,5,6,9,10,12,15,18,20,25,30,36,45,50,60,75,90,100,150,180,225,300,450,900
102 = 1,2,3,6,17,34,51,102
100 = 1,2,4,5,10,20,25,50,100
230230 = 1,2,5,7,10,11,13,14,22,23,26,35,46,55,65,70,77,91,110,115,130,143,154,161,182,230,253,286,299,322,385,455,506,598,715,770,805,910,1001,1265,1430,1495,1610,1771,2002,2093,2530,2990,3289,3542,4186,5005,6578,8855,10010,10465,16445,17710,20930,23023,32890,46046,115115,230230
102 = 1,2,3,6,17,34,51,102
100 = 1,2,4,5,10,20,25,50,100
230230 = 1,2,5,7,10,11,13,14,22,23,26,35,46,55,65,70,77,91,110,115,130,143,154,161,182,230,253,286,299,322,385,455,506,598,715,770,805,910,1001,1265,1430,1495,1610,1771,2002,2093,2530,2990,3289,3542,4186,5005,6578,8855,10010,10465,16445,17710,20930,23023,32890,46046,115115,230230
10 = 1,2,5,10
20 = 1,2,4,5,10,20
900 = 1,2,3,4,5,6,9,10,12,15,18,20,25,30,36,45,50,60,75,90,100,150,180,225,300,450,900
10 = 1,2,5,10
20 = 1,2,4,5,10,20
900 = 1,2,3,4,5,6,9,10,12,15,18,20,25,30,36,45,50,60,75,90,100,150,180,225,300,450,900
10 = 1,2,5,10
20 = 1,2,4,5,10,20
90099999 = 1,3,9,11,27,33,99,297,303367,910101,2730303,3337037,8190909,10011111,30033333,90099999
10 = 1,2,5,10
20 = 1,2,4,5,10,20
90099999 = 1,3,9,11,27,33,99,297,303367,910101,2730303,3337037,8190909,10011111,30033333,90099999
1 = 1
10 = 1,2,5,10
3 = 1,3
1 = 1
10 = 1,2,5,10
2 = 1,2
1 = 1
10 = 1,2,5,10
2 = 1,2
10 = 1,2,5,10
20 = 1,2,4,5,10,20
1000 = 1,2,4,5,8,10,20,25,40,50,100,125,200,250,500,1000
10 = 1,2,5,10
20 = 1,2,4,5,10,20
1000 = 1,2,4,5,8,10,20,25,40,50,100,125,200,250,500,1000
10 = 1,2,5,10
20 = 1,2,4,5,10,20
30 = 1,2,3,5,6,10,15,30
10 = 1,2,5,10
20 = 1,2,4,5,10,20
30 = 1,2,3,5,6,10,15,30
20 = 1,2,4,5,10,20
40 = 1,2,4,5,8,10,20,40
1000 = 1,2,4,5,8,10,20,25,40,50,100,125,200,250,500,1000
20 = 1,2,4,5,10,20
40 = 1,2,4,5,8,10,20,40
1000 = 1,2,4,5,8,10,20,25,40,50,100,125,200,250,500,1000
1 = 1
10 = 1,2,5,10
100 = 1,2,4,5,10,20,25,50,100
1 = 1
10 = 1,2,5,10
100 = 1,2,4,5,10,20,25,50,100
1 = 1
10 = 1,2,5,10
100 = 1,2,4,5,10,20,25,50,100
1 = 1
10 = 1,2,5,10
100 = 1,2,4,5,10,20,25,50,100
1 = 1
10 = 1,2,5,10
100 = 1,2,4,5,10,20,25,50,100
1 = 1
10 = 1,2,5,10
100 = 1,2,4,5,10,20,25,50,100
1 = 1
5 = 1,5
4 = 1,2,4
2 = 1,2
10 = 1,2,5,10
8 = 1,2,4,8
2 = 1,2
10 = 1,2,5,10
1000 = 1,2,4,5,8,10,20,25,40,50,100,125,200,250,500,1000
2 = 1,2
10 = 1,2,5,10
1000 = 1,2,4,5,8,10,20,25,40,50,100,125,200,250,500,1000
10 = 1,2,5,10
20 = 1,2,4,5,10,20
1000 = 1,2,4,5,8,10,20,25,40,50,100,125,200,250,500,1000
10 = 1,2,5,10
20 = 1,2,4,5,10,20
1000 = 1,2,4,5,8,10,20,25,40,50,100,125,200,250,500,1000
1 = 1
10 = 1,2,5,10
7 = 1,7
1 = 1
10 = 1,2,5,10
7 = 1,7
1 = 1
10 = 1,2,5,10
7 = 1,7
1 = 1
10 = 1,2,5,10
7 = 1,7
1 = 1
5 = 1,5
4 = 1,2,4
1 = 1
5 = 1,5
4 = 1,2,4
1 = 1
10 = 1,2,5,10
7 = 1,7
1 = 1
10 = 1,2,5,10
7 = 1,7
1 = 1
10 = 1,2,5,10
7 = 1,7
1 = 1
10 = 1,2,5,10
7 = 1,7
4 = 1,2,4
5 = 1,5
1 = 1
1 = 1
2 = 1,2
9 = 1,3,9
1 = 1
2 = 1,2
9 = 1,3,9
1 = 1
10 = 1,2,5,10
70 = 1,2,5,7,10,14,35,70
1 = 1
10 = 1,2,5,10
70 = 1,2,5,7,10,14,35,70
1 = 1
5 = 1,5
10 = 1,2,5,10
1 = 1
5 = 1,5
10 = 1,2,5,10
1 = 1
10 = 1,2,5,10
7 = 1,7
1 = 1
10 = 1,2,5,10
7 = 1,7
1 = 1
10 = 1,2,5,10
70 = 1,2,5,7,10,14,35,70
1 = 1
10 = 1,2,5,10
70 = 1,2,5,7,10,14,35,70
1 = 1
10 = 1,2,5,10
90 = 1,2,3,5,6,9,10,15,18,30,45,90
1 = 1
10 = 1,2,5,10
90 = 1,2,3,5,6,9,10,15,18,30,45,90
1 = 1
5 = 1,5
10 = 1,2,5,10
1 = 1
5 = 1,5
10 = 1,2,5,10
1 = 1
10 = 1,2,5,10
5 = 1,5
1 = 1
10 = 1,2,5,10
5 = 1,5
1 = 1
10 = 1,2,5,10
50 = 1,2,5,10,25,50
1 = 1
10 = 1,2,5,10
50 = 1,2,5,10,25,50
1 = 1
10 = 1,2,5,10
90 = 1,2,3,5,6,9,10,15,18,30,45,90
1 = 1
10 = 1,2,5,10
90 = 1,2,3,5,6,9,10,15,18,30,45,90
1 = 1
10 = 1,2,5,10
5 = 1,5
1 = 1
10 = 1,2,5,10
5 = 1,5
1 = 1
10 = 1,2,5,10
50 = 1,2,5,10,25,50
1 = 1
10 = 1,2,5,10
50 = 1,2,5,10,25,50
1 = 1
10 = 1,2,5,10
90 = 1,2,3,5,6,9,10,15,18,30,45,90
1 = 1
10 = 1,2,5,10
90 = 1,2,3,5,6,9,10,15,18,30,45,90
1 = 1
10 = 1,2,5,10
50 = 1,2,5,10,25,50
1 = 1
10 = 1,2,5,10
50 = 1,2,5,10,25,50
1 = 1
10 = 1,2,5,10
90 = 1,2,3,5,6,9,10,15,18,30,45,90
1 = 1
10 = 1,2,5,10
90 = 1,2,3,5,6,9,10,15,18,30,45,90
1 = 1
10 = 1,2,5,10
90 = 1,2,3,5,6,9,10,15,18,30,45,90
1 = 1
10 = 1,2,5,10
90 = 1,2,3,5,6,9,10,15,18,30,45,90
1 = 1
5 = 1,5
10 = 1,2,5,10
1 = 1
5 = 1,5
10 = 1,2,5,10
1 = 1
10 = 1,2,5,10
100 = 1,2,4,5,10,20,25,50,100
1 = 1
10 = 1,2,5,10
100 = 1,2,4,5,10,20,25,50,100
1 = 1
7 = 1,7
9 = 1,3,9
1 = 1
7 = 1,7
9 = 1,3,9
1 = 1
7 = 1,7
13 = 1,13
1 = 1
7 = 1,7
13 = 1,13
1 = 1
10 = 1,2,5,10
4 = 1,2,4
1 = 1
10 = 1,2,5,10
4 = 1,2,4
1 = 1
10 = 1,2,5,10
40 = 1,2,4,5,8,10,20,40
1 = 1
10 = 1,2,5,10
40 = 1,2,4,5,8,10,20,40
1 = 1
1 = 1
13 = 1,13
1 = 1
1 = 1
13 = 1,13
1 = 1
7 = 1,7
13 = 1,13
1 = 1
7 = 1,7
13 = 1,13
1 = 1
10 = 1,2,5,10
100 = 1,2,4,5,10,20,25,50,100
1 = 1
10 = 1,2,5,10
100 = 1,2,4,5,10,20,25,50,100
1 = 1
5 = 1,5
4 = 1,2,4
1 = 1
5 = 1,5
4 = 1,2,4
1 = 1
2 = 1,2
30 = 1,2,3,5,6,10,15,30
1 = 1
2 = 1,2
30 = 1,2,3,5,6,10,15,30
1 = 1
2 = 1,2
3 = 1,3
1 = 1
2 = 1,2
3 = 1,3
1 = 1
3 = 1,3
2 = 1,2
